0 0 2 38
0 16 0 11
0 32 0 27
0 48 0 43
0 64 0 59
0 80 0 75
0 96 0 91
0 112 0 107
0 128 0 123
0 144 0 139
0 160 0 155
0 176 0 171
0 192 0 187
0 208 0 203
0 224 0 219
0 240 0 235
0 256 0 251
0 272 0 267
0 288 0 283
0 304 0 299
0 320 0 315
0 336 0 331
0 352 0 347
0 368 0 363
0 384 0 379
0 400 0 395
0 416 0 411
0 432 0 427
0 448 0 443
0 464 0 459
16 0 38 15
16 16 16 11
16 32 16 27
16 48 16 43
16 64 16 59
16 80 16 75
16 96 16 91
16 112 16 107
16 128 16 123
16 144 16 139
16 160 16 155
16 176 16 171
16 192 16 187
16 208 16 203
16 224 16 219
16 240 16 235
16 256 16 251
16 272 16 267
16 288 16 283
16 304 16 299
16 320 16 315
16 336 16 331
16 352 16 347
16 368 16 363
16 384 16 379
16 400 16 395
16 416 16 411
16 432 16 427
16 448 16 443
16 464 16 459
32 0 25 7
25 7
32 16 32 11
32 11
32 32 32 27
32 27
32 48 32 43
32 43
32 64 32 59
32 59
32 80 32 75
32 75
32 96 32 91
32 91
32 112 32 107
32 107
32 128 32 123
32 123
32 144 32 139
32 139
32 160 32 155
32 155
32 176 32 171
32 171
32 192 32 187
32 187
32 208 32 203
32 203
32 224 32 219
32 219
32 240 32 235
32 235
32 256 32 251
32 251
32 272 32 267
32 267
32 288 32 283
32 283
32 304 32 299
32 299
32 320 32 315
32 315
32 336 32 331
32 331
32 352 32 347
32 347
32 368 32 363
32 363
32 384 32 379
32 379
32 400 32 395
32 395
32 416 32 411
32 411
32 432 32 427
32 427
32 448 32 443
32 443
32 464 32 459
32 459
48 0 28 46
48 16 48 11
48 32 48 27
48 48 48 43
48 64 48 59
48 80 48 75
48 96 48 91
48 112 48 107
48 128 48 123
48 144 48 139
48 160 48 155
48 176 48 171
48 192 48 187
48 208 48 203
48 224 48 219
48 240 48 235
48 256 48 251
48 272 48 267
48 288 48 283
48 304 48 299
48 320 48 315
48 336 48 331
48 352 48 347
48 368 48 363
48 384 48 379
48 400 48 395
48 416 48 411
48 432 48 427
48 448 48 443
48 464 48 459
64 0 57 6
64 16 64 11
64 32 64 27
64 48 64 43
64 64 64 59
64 80 64 75
64 96 64 91
64 112 64 107
64 128 64 123
64 144 64 139
64 160 64 155
64 176 64 171
64 192 64 187
64 208 64 203
64 224 64 219
64 240 64 235
64 256 64 251
64 272 64 267
64 288 64 283
64 304 64 299
64 320 64 315
64 336 64 331
64 352 64 347
64 368 64 363
64 384 64 379
64 400 64 395
64 416 64 411
64 432 64 427
64 448 64 443
64 464 64 459
80 0 96 0
80 16 80 11
80 32 80 27
80 48 80 43
80 64 80 59
80 80 80 75
80 96 80 91
80 112 80 107
80 128 80 123
80 144 80 139
80 160 80 155
80 176 80 171
80 192 80 187
80 208 80 203
80 224 80 219
80 240 80 235
80 256 80 251
80 272 80 267
80 288 80 283
80 304 80 299
80 320 80 315
80 336 80 331
80 352 80 347
80 368 80 363
80 384 80 379
80 400 80 395
80 416 80 411
80 432 80 427
80 448 80 443
80 464 80 459
96 0 108 4
96 16 96 11
96 32 96 27
96 48 96 43
96 64 96 59
96 80 96 75
96 96 96 91
96 112 96 107
96 128 96 123
96 144 96 139
96 160 96 155
96 176 96 171
96 192 96 187
96 208 96 203
96 224 96 219
96 240 96 235
96 256 96 251
96 272 96 267
96 288 96 283
96 304 96 299
96 320 96 315
96 336 96 331
96 352 96 347
96 368 96 363
96 384 96 379
96 400 96 395
96 416 96 411
96 432 96 427
96 448 96 443
96 464 96 459
112 0 131 43
112 16 112 11
112 32 112 27
112 48 112 43
112 64 112 59
112 80 112 75
112 96 112 91
112 112 112 107
112 128 112 123
112 144 112 139
112 160 112 155
112 176 112 171
112 192 112 187
112 208 112 203
112 224 112 219
112 240 112 235
112 256 112 251
112 272 112 267
112 288 112 283
112 304 112 299
112 320 112 315
112 336 112 331
112 352 112 347
112 368 112 363
112 384 112 379
112 400 112 395
112 416 112 411
112 432 112 427
112 448 112 443
112 464 112 459
128 0 98 5
128 16 128 11
128 32 128 27
128 48 128 43
128 64 128 59
128 80 128 75
128 96 128 91
128 112 128 107
128 128 128 123
128 144 128 139
128 160 128 155
128 176 128 171
128 192 128 187
128 208 128 203
128 224 128 219
128 240 128 235
128 256 128 251
128 272 128 267
128 288 128 283
128 304 128 299
128 320 128 315
128 336 128 331
128 352 128 347
128 368 128 363
128 384 128 379
128 400 128 395
128 416 128 411
128 432 128 427
128 448 128 443
128 464 128 459
144 0 174 27
144 16 144 11
144 32 144 27
144 48 144 43
144 64 144 59
144 80 144 75
144 96 144 91
144 112 144 107
144 128 144 123
144 144 144 139
144 160 144 155
144 176 144 171
144 192 144 187
144 208 144 203
144 224 144 219
144 240 144 235
144 256 144 251
144 272 144 267
144 288 144 283
144 304 144 299
144 320 144 315
144 336 144 331
144 352 144 347
144 368 144 363
144 384 144 379
144 400 144 395
144 416 144 411
144 432 144 427
144 448 144 443
144 464 144 459
160 0 129 9
160 16 160 11
160 32 160 27
160 48 160 43
160 64 160 59
160 80 160 75
160 96 160 91
160 112 160 107
160 128 160 123
160 144 160 139
160 160 160 155
160 176 160 171
160 192 160 187
160 208 160 203
160 224 160 219
160 240 160 235
160 256 160 251
160 272 160 267
160 288 160 283
160 304 160 299
160 320 160 315
160 336 160 331
160 352 160 347
160 368 160 363
160 384 160 379
160 400 160 395
160 416 160 411
160 432 160 427
160 448 160 443
160 464 160 459
176 0 184 17
176 16 176 11
176 32 176 27
176 48 176 43
176 64 176 59
176 80 176 75
176 96 176 91
176 112 176 107
176 128 176 123
176 144 176 139
176 160 176 155
176 176 176 171
176 192 176 187
176 208 176 203
176 224 176 219
176 240 176 235
176 256 176 251
176 272 176 267
176 288 176 283
176 304 176 299
176 320 176 315
176 336 176 331
176 352 176 347
176 368 176 363
176 384 176 379
176 400 176 395
176 416 176 411
176 432 176 427
176 448 176 443
176 464 176 459
192 0 162 45
192 16 192 11
192 32 192 27
192 48 192 43
192 64 192 59
192 80 192 75
192 96 192 91
192 112 192 107
192 128 192 123
192 144 192 139
192 160 192 155
192 176 192 171
192 192 192 187
192 208 192 203
192 224 192 219
192 240 192 235
192 256 192 251
192 272 192 267
192 288 192 283
192 304 192 299
192 320 192 315
192 336 192 331
192 352 192 347
192 368 192 363
192 384 192 379
192 400 192 395
192 416 192 411
192 432 192 427
192 448 192 443
192 464 192 459
208 0 204 36
208 16 208 11
208 32 208 27
208 48 208 43
208 64 208 59
208 80 208 75
208 96 208 91
208 112 208 107
208 128 208 123
208 144 208 139
208 160 208 155
208 176 208 171
208 192 208 187
208 208 208 203
208 224 208 219
208 240 208 235
208 256 208 251
208 272 208 267
208 288 208 283
208 304 208 299
208 320 208 315
208 336 208 331
208 352 208 347
208 368 208 363
208 384 208 379
208 400 208 395
208 416 208 411
208 432 208 427
208 448 208 443
208 464 208 459
224 0 218 25
224 16 224 11
224 32 224 27
224 48 224 43
224 64 224 59
224 80 224 75
224 96 224 91
224 112 224 107
224 128 224 123
224 144 224 139
224 160 224 155
224 176 224 171
224 192 224 187
224 208 224 203
224 224 224 219
224 240 224 235
224 256 224 251
224 272 224 267
224 288 224 283
224 304 224 299
224 320 224 315
224 336 224 331
224 352 224 347
224 368 224 363
224 384 224 379
224 400 224 395
224 416 224 411
224 432 224 427
224 448 224 443
224 464 224 459
240 0 235 19
240 16 240 11
240 32 240 27
240 48 240 43
240 64 240 59
240 80 240 75
240 96 240 91
240 112 240 107
240 128 240 123
240 144 240 139
240 160 240 155
240 176 240 171
240 192 240 187
240 208 240 203
240 224 240 219
240 240 240 235
240 256 240 251
240 272 240 267
240 288 240 283
240 304 240 299
240 320 240 315
240 336 240 331
240 352 240 347
240 368 240 363
240 384 240 379
240 400 240 395
240 416 240 411
240 432 240 427
240 448 240 443
240 464 240 459
256 0 229 41
256 16 256 11
256 32 256 27
256 48 256 43
256 64 256 59
256 80 256 75
256 96 256 91
256 112 256 107
256 128 256 123
256 144 256 139
256 160 256 155
256 176 256 171
256 192 256 187
256 208 256 203
256 224 256 219
256 240 256 235
256 256 256 251
256 272 256 267
256 288 256 283
256 304 256 299
256 320 256 315
256 336 256 331
256 352 256 347
256 368 256 363
256 384 256 379
256 400 256 395
256 416 256 411
256 432 256 427
256 448 256 443
256 464 256 459
272 0 294 10
272 16 272 11
272 32 272 27
272 48 272 43
272 64 272 59
272 80 272 75
272 96 272 91
272 112 272 107
272 128 272 123
272 144 272 139
272 160 272 155
272 176 272 171
272 192 272 187
272 208 272 203
272 224 272 219
272 240 272 235
272 256 272 251
272 272 272 267
272 288 272 283
272 304 272 299
272 320 272 315
272 336 272 331
272 352 272 347
272 368 272 363
272 384 272 379
272 400 272 395
272 416 272 411
272 432 272 427
272 448 272 443
272 464 272 459
288 0 291 46
288 16 288 11
288 32 288 27
288 48 288 43
288 64 288 59
288 80 288 75
288 96 288 91
288 112 288 107
288 128 288 123
288 144 288 139
288 160 288 155
288 176 288 171
288 192 288 187
288 208 288 203
288 224 288 219
288 240 288 235
288 256 288 251
288 272 288 267
288 288 288 283
288 304 288 299
288 320 288 315
288 336 288 331
288 352 288 347
288 368 288 363
288 384 288 379
288 400 288 395
288 416 288 411
288 432 288 427
288 448 288 443
288 464 288 459
304 0 275 60
304 16 304 11
304 32 304 27
304 48 304 43
304 64 304 59
304 80 304 75
304 96 304 91
304 112 304 107
304 128 304 123
304 144 304 139
304 160 304 155
304 176 304 171
304 192 304 187
304 208 304 203
304 224 304 219
304 240 304 235
304 256 304 251
304 272 304 267
304 288 304 283
304 304 304 299
304 320 304 315
304 336 304 331
304 352 304 347
304 368 304 363
304 384 304 379
304 400 304 395
304 416 304 411
304 432 304 427
304 448 304 443
304 464 304 459
320 0 335 13
320 16 320 11
320 32 320 27
320 48 320 43
320 64 320 59
320 80 320 75
320 96 320 91
320 112 320 107
320 128 320 123
320 144 320 139
320 160 320 155
320 176 320 171
320 192 320 187
320 208 320 203
320 224 320 219
320 240 320 235
320 256 320 251
320 272 320 267
320 288 320 283
320 304 320 299
320 320 320 315
320 336 320 331
320 352 320 347
320 368 320 363
320 384 320 379
320 400 320 395
320 416 320 411
320 432 320 427
320 448 320 443
320 464 320 459
336 0 343 58
336 16 336 11
336 32 336 27
336 48 336 43
336 64 336 59
336 80 336 75
336 96 336 91
336 112 336 107
336 128 336 123
336 144 336 139
336 160 336 155
336 176 336 171
336 192 336 187
336 208 336 203
336 224 336 219
336 240 336 235
336 256 336 251
336 272 336 267
336 288 336 283
336 304 336 299
336 320 336 315
336 336 336 331
336 352 336 347
336 368 336 363
336 384 336 379
336 400 336 395
336 416 336 411
336 432 336 427
336 448 336 443
336 464 336 459
352 0 374 7
352 16 352 11
352 32 352 27
352 48 352 43
352 64 352 59
352 80 352 75
352 96 352 91
352 112 352 107
352 128 352 123
352 144 352 139
352 160 352 155
352 176 352 171
352 192 352 187
352 208 352 203
352 224 352 219
352 240 352 235
352 256 352 251
352 272 352 267
352 288 352 283
352 304 352 299
352 320 352 315
352 336 352 331
352 352 352 347
352 368 352 363
352 384 352 379
352 400 352 395
352 416 352 411
352 432 352 427
352 448 352 443
352 464 352 459
368 0 358 9
368 16 368 11
368 32 368 27
368 48 368 43
368 64 368 59
368 80 368 75
368 96 368 91
368 112 368 107
368 128 368 123
368 144 368 139
368 160 368 155
368 176 368 171
368 192 368 187
368 208 368 203
368 224 368 219
368 240 368 235
368 256 368 251
368 272 368 267
368 288 368 283
368 304 368 299
368 320 368 315
368 336 368 331
368 352 368 347
368 368 368 363
368 384 368 379
368 400 368 395
368 416 368 411
368 432 368 427
368 448 368 443
368 464 368 459
384 0 364 35
384 16 384 11
384 32 384 27
384 48 384 43
384 64 384 59
384 80 384 75
384 96 384 91
384 112 384 107
384 128 384 123
384 144 384 139
384 160 384 155
384 176 384 171
384 192 384 187
384 208 384 203
384 224 384 219
384 240 384 235
384 256 384 251
384 272 384 267
384 288 384 283
384 304 384 299
384 320 384 315
384 336 384 331
384 352 384 347
384 368 384 363
384 384 384 379
384 400 384 395
384 416 384 411
384 432 384 427
384 448 384 443
384 464 384 459
400 0 369 5
400 16 400 11
400 32 400 27
400 48 400 43
400 64 400 59
400 80 400 75
400 96 400 91
400 112 400 107
400 128 400 123
400 144 400 139
400 160 400 155
400 176 400 171
400 192 400 187
400 208 400 203
400 224 400 219
400 240 400 235
400 256 400 251
400 272 400 267
400 288 400 283
400 304 400 299
400 320 400 315
400 336 400 331
400 352 400 347
400 368 400 363
400 384 400 379
400 400 400 395
400 416 400 411
400 432 400 427
400 448 400 443
400 464 400 459
416 0 408 7
416 16 416 11
416 32 416 27
416 48 416 43
416 64 416 59
416 80 416 75
416 96 416 91
416 112 416 107
416 128 416 123
416 144 416 139
416 160 416 155
416 176 416 171
416 192 416 187
416 208 416 203
416 224 416 219
416 240 416 235
416 256 416 251
416 272 416 267
416 288 416 283
416 304 416 299
416 320 416 315
416 336 416 331
416 352 416 347
416 368 416 363
416 384 416 379
416 400 416 395
416 416 416 411
416 432 416 427
416 448 416 443
416 464 416 459
432 0 422 38
432 16 432 11
432 32 432 27
432 48 432 43
432 64 432 59
432 80 432 75
432 96 432 91
432 112 432 107
432 128 432 123
432 144 432 139
432 160 432 155
432 176 432 171
432 192 432 187
432 208 432 203
432 224 432 219
432 240 432 235
432 256 432 251
432 272 432 267
432 288 432 283
432 304 432 299
432 320 432 315
432 336 432 331
432 352 432 347
432 368 432 363
432 384 432 379
432 400 432 395
432 416 432 411
432 432 432 427
432 448 432 443
432 464 432 459
448 0 438 25
448 16 448 11
448 32 448 27
448 48 448 43
448 64 448 59
448 80 448 75
448 96 448 91
448 112 448 107
448 128 448 123
448 144 448 139
448 160 448 155
448 176 448 171
448 192 448 187
448 208 448 203
448 224 448 219
448 240 448 235
448 256 448 251
448 272 448 267
448 288 448 283
448 304 448 299
448 320 448 315
448 336 448 331
448 352 448 347
448 368 448 363
448 384 448 379
448 400 448 395
448 416 448 411
448 432 448 427
448 448 448 443
448 464 448 459
464 0 481 55
464 16 464 11
464 32 464 27
464 48 464 43
464 64 464 59
464 80 464 75
464 96 464 91
464 112 464 107
464 128 464 123
464 144 464 139
464 160 464 155
464 176 464 171
464 192 464 187
464 208 464 203
464 224 464 219
464 240 464 235
464 256 464 251
464 272 464 267
464 288 464 283
464 304 464 299
464 320 464 315
464 336 464 331
464 352 464 347
464 368 464 363
464 384 464 379
464 400 464 395
464 416 464 411
464 432 464 427
464 448 464 443
464 464 464 459
